0.4 0.1 0.1 0.3
10
20
China 1438192092 1 0 0 0 100 0 0.7 0 1 3
France 65244234 0 0 0 0 100 0 0.7 0 1 3
India 1380004385 0 0 0 0 100 0 0.7 0 1 3
United_States 331002651 0 0 0 0 100 0 0.7 0 1 3
Indonesia 273523615 0 0 0 0 100 0 0.7 0 1 3
Pakistan 220892340 0 0 0 0 100 0 0.7 0 1 3
Brazil 212559417 0 0 0 0 100 0 0.7 0 1 3
Nigeria 206139589 0 0 0 0 100 0 0.7 0 1 3
Bangladesh 164689383 0 0 0 0 100 0 0.7 0 1 3
Russia 145934462 0 0 0 0 100 0 0.7 0 1 3
Mexico 128932753 0 0 0 0 100 0 0.7 0 1 3
Japan 126476461 0 0 0 0 100 0 0.7 0 1 3
Ethiopia 114963588 0 0 0 0 100 0 0.7 0 1 3
Philippines 109581078 0 0 0 0 100 0 0.7 0 1 3
Egypt 102334404 0 0 0 0 100 0 0.7 0 1 3
Vietnam 97338579 0 0 0 0 100 0 0.7 0 1 3
Turkey 84339067 0 0 0 0 100 0 0.7 0 1 3
Iran 83992949 0 0 0 0 100 0 0.7 0 1 3
Germany 83783942 0 0 0 0 100 0 0.7 0 1 3
Thailand 69799978 0 0 0 0 100 0 0.7 0 1 3
